8.0, 59679
0.0, 58681
0.0, 57521
0.0, 57993
0.0, 58701
0.0, 57925
12.0, 58529
8.0, 58861
7.6, 57785
52.0, 58733
0.0, 57541
0.0, 58017
8.0, 58617
0.0, 57381
8.0, 58429
0.0, 59001
16.0, 57941
12.0, 58393
36.0, 57593
12.0, 58233
16.0, 58829
0.0, 57589
12.0, 58133
0.0, 58809
12.0, 58005
0.0, 58465
12.0, 57553
12.0, 57965
44.0, 57409
8.0, 57877
12.0, 58453
0.0, 58909
12.0, 57637
0.0, 58581
20.0, 57885
0.0, 58009
0.0, 58041
36.0, 58401
11.5, 57485
0.0, 57957
12.0, 58549
0.0, 57349
12.0, 58197
0.0, 59009
20.0, 57945
12.0, 58401
20.0, 57353
40.0, 58245
4.0, 58845
0.0, 57669
0.0, 58269
0.0, 58725
0.0, 58037
0.0, 58741
8.0, 57541
8.0, 57997
40.0, 58801
8.0, 57865
8.0, 58241
50.0, 57625
0.0, 57713
25.9, 58221
0.0, 58837
8.0, 58044
8.0, 58492
24.0, 57296
40.0, 58276
16.0, 58740
4.0, 57608
8.0, 58152
0.0, 58552
8.0, 57984
0.0, 58444
12.0, 57452
4.0, 58072
20.0, 58732
12.0, 57820
20.0, 58420
0.0, 58876
8.0, 57712
0.0, 58424
12.0, 57604
0.0, 58012
0.0, 58824
0.0, 58988
20.0, 58016
12.0, 58388
15.3, 59060
0.0, 57752
0.0, 58352
7.6, 57688
0.0, 58212
0.0, 58688
0.0, 59136
8.0, 58116
16.0, 58940
12.0, 57816
0.0, 58420
0.0, 58824
11.5, 57976
0.0, 58616
0.0, 59020
0.0, 58120
0.0, 58768
4.0, 57912
12.0, 58360
3.8, 58952
0.0, 57724
0.0, 58320
0.0, 57688
0.0, 58232
0.0, 58860
7.6, 57744
40.0, 58312
12.0, 59088
8.0, 57888
3.8, 58484
0.0, 58872
7.6, 58204
0.0, 58896
8.0, 57900
0.0, 58428
24.0, 59060
24.0, 58336
20.0, 58936
12.0, 57776
7.6, 58276
0.0, 58664
12.0, 57932
0.0, 58276
8.0, 58820
0.0, 57740
12.0, 58408
12.0, 59128
52.0, 58452
0.0, 58552
0.0, 58604
42.3, 58960
8.0, 58196
0.0, 58520
12.0, 57648
12.0, 58040
20.0, 58963
12.0, 57811
8.0, 58399
0.0, 58831
0.0, 57791
0.0, 58683
0.0, 59223
0.0, 58135
8.0, 58723
24.0, 57847
8.0, 58567
12.0, 58967
3.8, 57835
0.0, 58435
0.0, 59143
0.0, 58319
0.0, 58735
0.0, 57739
12.0, 58319
20.0, 57762
8.0, 58174
12.0, 58710
0.0, 59170
0.0, 58174
0.0, 59118
0.0, 58022
0.0, 58430
3.8, 59206
12.0, 58142
69.2, 59186
0.0, 59230
0.0, 59258
0.0, 59310
76.9, 57926
0.0, 58554
12.0, 59154
0.0, 57894
8.0, 58522
0.0, 59194
12.0, 58502
11.5, 58954
12.0, 57774
0.0, 58250
42.3, 59222
0.0, 58094
12.0, 58634
0.0, 59038
8.0, 58022
0.0, 58938
16.0, 57818
12.0, 58218
20.0, 58762
44.0, 57934
8.0, 58710
0.0, 59166
8.0, 58118
0.0, 58625
8.0, 57921
12.0, 58669
12.0, 58073
0.0, 58181
0.0, 58229
8.0, 59061
8.0, 58025
0.0, 58481
4.0, 59105
8.0, 58189
8.0, 58945
8.0, 59409
16.0, 58305
0.0, 58765
12.0, 57905
0.0, 58541
0.0, 59145
0.0, 57913
0.0, 58685
12.0, 58045
12.0, 58641
12.0, 59097
0.0, 58073
0.0, 58381
0.0, 59285
0.0, 58241
0.0, 58685
0.0, 59473
8.0, 58305
8.0, 59141
12.0, 57941
15.3, 58557
0.0, 59021
7.6, 58221
0.0, 58853
3.8, 59261
0.0, 58377
11.5, 58945
24.0, 58209
72.0, 59069
0.0, 59117
0.0, 59161
0.0, 59193
8.0, 58433
0.0, 58889
12.0, 59425
0.0, 58281
24.0, 59021
8.0, 59717
20.0, 58541
8.0, 58869
8.0, 59601
7.6, 58643
7.6, 59399
0.0, 58231
8.0, 58863
8.0, 59443
0.0, 58815
12.0, 59211
16.0, 58239
0.0, 58639
4.0, 59131
0.0, 58423
0.0, 59219
0.0, 59267
0.0, 59347
8.0, 59627
7.6, 58743
0.0, 59199
0.0, 59791
0.0, 58555
0.0, 59339
0.0, 58495
0.0, 58927
12.0, 59711
12.0, 58527
40.0, 59543
12.0, 58367
7.6, 58907
0.0, 59371
7.6, 58371
0.0, 59323
8.0, 59927
0.0, 58687
12.0, 59459
12.0, 58511
20.0, 59343
52.0, 58567
0.0, 58603
0.0, 58659
53.8, 59139
0.0, 59759
8.0, 58707
0.0, 59159
8.0, 59915
7.6, 59135
24.0, 59735
12.0, 58587
19.2, 59187
0.0, 59591
12.0, 58911
0.0, 59231
0.0, 59775
11.5, 59067
8.0, 59511
8.0, 58467
19.2, 59043
0.0, 59455
0.0, 59999
3.8, 59011
0.0, 59647
0.0, 58607
0.0, 59263
12.0, 59603
20.0, 59059
12.0, 59463
7.6, 60063
0.0, 58883
0.0, 59431
0.0, 58671
0.0, 59107
0.0, 59719
0.0, 58751
16.0, 59455
12.0, 58643
8.0, 59047
0.0, 59583
0.0, 59995
3.8, 59011
0.0, 59779
0.0, 58523
0.0, 59291
8.0, 59671
8.0, 59119
8.0, 59439
8.0, 59979
26.9, 59167
0.0, 59203
0.0, 60047
0.0, 59023
0.0, 59479
4.0, 58563
20.0, 59275
16.0, 60047
12.0, 58871
8.0, 59467
0.0, 59919
7.6, 59187
0.0, 59823
12.0, 58727
0.0, 59363
20.0, 59947
20.0, 59247
20.0, 59843
12.0, 58599
20.0, 59199
0.0, 59659
16.0, 58927
0.0, 59331
0.0, 59927
0.0, 58747
0.0, 59563
8.0, 58799
8.0, 59375
12.0, 59839
12.0, 60163
46.1, 59403
0.0, 60039
0.0, 58827
0.0, 59295
0.0, 59987
0.0, 59063
8.0, 59955
8.0, 58799
20.0, 59407
12.0, 59811
48.0, 59187
8.0, 59591
15.3, 60183
18.5, 59275
0.0, 59323
0.0, 60147
12.0, 59091
0.0, 59551
20.0, 60207
20.0, 59215
20.0, 59983
12.0, 58767
12.0, 59419
0.0, 59879
11.5, 58855
0.0, 59707
0.0, 60307
0.0, 59267
16.0, 59851
8.0, 59047
16.0, 59643
12.0, 60043
0.0, 58875
0.0, 59339
0.0, 60359
0.0, 59183
0.0, 59811
0.0, 58719
24.0, 59439
8.0, 60215
8.0, 58903
3.8, 59495
0.0, 59959
0.0, 59075
0.0, 59711
0.0, 60311
0.0, 59043
3.8, 59755
0.0, 58811
12.0, 59491
12.0, 59927
3.8, 58903
0.0, 59311
15.3, 58767
0.0, 59171
8.0, 59719
0.0, 60299
16.0, 59371
12.0, 59951
0.0, 59103
0.0, 59151
0.0, 59195
42.3, 59531
8.0, 60267
0.0, 59139
8.0, 59731
12.0, 60355
24.0, 59779
8.0, 60131
18.5, 58975
0.0, 59383
8.0, 59987
7.6, 59195
8.0, 59679
0.0, 60031
0.0, 58999
0.0, 59579
4.0, 58859
8.0, 59263
12.0, 59863
8.0, 60279
38.4, 59511
0.0, 60135
0.0, 58879
0.0, 59423
0.0, 59767
0.0, 59431
12.0, 60151
12.0, 58895
8.0, 59491
0.0, 59895
15.3, 59387
0.0, 59735
0.0, 60127
26.9, 59683
4.0, 60059
12.0, 59235
16.0, 59667
0.0, 60223
0.0, 59179
0.0, 59839
0.0, 60479
0.0, 59411
0.0, 60047
8.0, 58955
28.0, 59847
12.0, 60383
7.6, 59167
0.0, 59735
0.0, 60139
7.6, 59567
0.0, 60027
0.0, 58983
0.0, 59559
11.5, 60343
12.0, 59263
12.0, 59803
0.0, 60207
0.0, 59123
0.0, 59779
8.0, 60547
0.0, 59271
8.0, 59871
8.0, 60403
20.0, 59791
11.5, 60175
69.2, 59495
0.0, 59583
0.0, 59643
0.0, 60467
8.0, 59315
0.0, 59727
8.0, 60443
16.0, 59391
20.0, 60151
8.0, 59019
11.5, 59567
0.0, 59919
14.8, 59035
0.0, 59659
8.0, 60219
4.0, 59211
16.0, 59747
28.0, 59063
20.0, 59547
12.0, 59951
7.6, 60415
0.0, 59227
4.0, 60247
0.0, 60519
0.0, 59507
0.0, 60087
12.0, 60695
12.0, 59707
12.0, 60123
0.0, 59079
0.0, 59615
3.8, 60331
0.0, 59643
0.0, 59979
0.0, 60047
4.0, 60079
20.0, 59311
12.0, 59691
12.0, 60223
3.7, 59123
0.0, 59579
0.0, 60531
0.0, 59431
0.0, 59887
0.0, 60639
20.0, 59687
12.0, 60455
12.0, 59251
0.0, 59795
0.0, 60259
0.0, 59335
0.0, 60051
0.0, 60455
0.0, 59667
8.0, 60059
32.0, 59603
12.0, 59911
7.6, 60503
0.0, 59347
0.0, 59923
0.0, 59243
0.0, 59843
0.0, 60443
8.0, 59351
32.0, 60059
8.0, 59187
12.0, 59651
12.0, 60247
0.0, 60711
20.0, 59851
0.0, 59295
4.0, 59343
0.0, 59427
0.0, 59467
0.0, 60291
12.0, 60683
11.5, 59459
12.0, 60099
0.0, 60559
19.2, 59923
0.0, 60383
8.0, 59319
0.0, 59967
23.0, 60751
12.0, 59791
20.0, 60339
12.0, 59215
12.0, 59811
30.7, 60523
0.0, 59635
0.0, 60047
0.0, 60639
0.0, 59499
0.0, 60375
8.0, 59531
8.0, 60067
12.0, 60467
11.5, 59359
15.3, 60311
0.0, 59231
0.0, 59687
0.0, 60147
0.0, 60863
0.0, 60171
48.0, 59527
0.0, 59559
0.0, 59619
68.0, 60127
0.0, 60747
0.0, 59551
0.0, 60139
0.0, 60719
0.0, 60199
8.0, 60607
8.0, 59567
0.0, 59971
0.0, 60567
0.0, 59867
0.0, 60407
0.0, 59275
0.0, 60023
7.6, 60703
8.0, 59935
12.0, 60399
4.0, 59299
0.0, 59759
0.0, 60607
0.0, 59663
0.0, 60127
4.0, 60635
80.0, 59683
44.0, 60499
11.5, 59335
0.0, 59787
8.0, 60275
0.0, 60735
12.0, 59987
0.0, 60391
12.0, 59339
0.0, 59787
20.0, 60507
12.0, 59515
16.0, 60111
0.0, 60563
8.0, 59491
0.0, 60207
12.0, 60923
0.0, 59599
8.0, 60371
8.0, 60819
24.0, 60311
8.0, 60719
16.0, 59675
22.2, 60139
8.0, 60743
0.0, 60147
0.0, 60635
0.0, 59387
0.0, 59971
11.5, 60555
12.0, 59747
7.6, 60159
19.2, 60895
0.0, 60915
26.9, 59707
0.0, 60327
0.0, 60935
0.0, 59823
8.0, 60375
40.0, 59591
12.0, 60199
4.0, 60547
0.0, 60895
0.0, 59859
0.0, 60727
0.0, 59735
0.0, 60359
12.0, 60963
36.0, 59867
8.0, 60635
8.0, 59455
0.0, 59999
0.0, 60279
0.0, 59599
0.0, 60243
0.0, 60839
0.0, 59659
12.0, 60383
11.5, 59675
12.0, 60271
12.0, 60727
76.9, 59891
0.0, 59983
8.0, 60807
0.0, 59527
7.6, 60131
0.0, 60711
24.0, 59835
8.0, 60475
20.0, 61075
12.0, 59847
8.0, 60451
26.9, 61099
8.0, 60035
0.0, 60499
8.0, 61091
0.0, 60039
8.0, 60935
8.0, 59871
24.0, 60399
8.0, 60803
8.0, 59867
12.0, 60755
4.0, 59715
0.0, 60119
0.0, 60723
3.8, 59887
20.0, 60723
12.0, 59607
16.0, 60199
0.0, 60635
12.0, 59923
0.0, 60423
0.0, 60899
0.0, 59931
12.0, 60379
24.0, 59803
12.0, 60151
11.5, 60747
0.0, 59611
0.0, 60227
7.6, 61127
3.8, 60095
0.0, 60367
12.0, 61271
7.6, 60247
0.0, 60743
0.0, 60779
0.0, 60819
0.0, 60871
46.1, 59683
0.0, 60291
8.0, 60791
0.0, 59847
24.0, 60435
24.0, 59799
20.0, 60399
8.0, 60855
12.0, 59831
0.0, 60287
12.0, 59695
0.0, 60155
8.0, 60747
0.0, 61211
16.0, 60355
12.0, 61051
20.0, 59951
0.0, 60411
4.0, 61003
0.0, 60023
0.0, 60791
0.0, 61199
0.0, 60279
16.0, 60731
28.0, 60055
8.0, 60515
8.0, 60871
0.0, 59683
0.0, 60287
0.0, 61019
0.0, 59803
0.0, 60587
4.0, 61227
20.0, 59991
7.6, 60799
0.0, 61239
0.0, 59999
0.0, 60599
0.0, 61255
0.0, 60131
0.0, 60787
8.0, 61311
12.0, 60039
34.6, 61119
8.0, 59863
15.3, 60463
0.0, 60923
12.0, 59819
0.0, 60751
8.0, 61351
0.0, 60071
12.0, 60823
8.0, 59867
24.0, 60703
8.0, 61107
16.0, 60007
0.0, 60467
23.0, 61375
0.0, 60347
12.0, 60947
0.0, 61435
12.0, 60223
24.0, 61127
12.0, 60031
8.0, 60435
0.0, 61039
7.6, 59991
0.0, 60943
0.0, 61407
0.0, 60303
12.0, 60855
16.0, 60087
8.0, 60667
12.0, 61271
0.0, 60067
0.0, 60607
0.0, 61207
0.0, 60199
0.0, 60735
4.0, 61447
8.0, 60215
48.0, 61031
3.8, 59923
0.0, 60383
0.0, 60975
0.0, 61435
0.0, 60659
0.0, 61087
4.0, 60155
12.0, 60527
20.0, 61395
7.6, 60403
7.6, 61019
0.0, 61467
4.0, 60399
0.0, 61111
12.0, 60259
0.0, 60823
20.0, 61407
8.0, 60191
40.0, 61147
8.0, 59955
11.5, 60495
0.0, 60899
8.0, 61439
0.0, 60679
12.0, 61275
0.0, 60271
12.0, 60623
34.6, 61443
20.0, 60667
7.6, 61127
0.0, 60111
0.0, 60575
36.0, 60279
0.0, 60891
0.0, 61347
0.0, 60451
8.0, 61035
28.0, 60327
12.0, 60795
7.6, 61371
0.0, 60099
0.0, 60695
0.0, 60007
0.0, 60491
0.0, 61067
12.0, 60003
52.0, 60907
8.0, 61491
4.0, 60287
0.0, 60763
0.0, 61163
0.0, 60379
0.0, 61027
8.0, 60043
8.0, 60491
8.0, 61091
40.0, 60215
0.0, 60759
0.0, 61211
0.0, 60175
0.0, 60579
3.8, 61463
0.0, 60519
16.0, 61039
16.0, 61443
60.0, 60519
12.0, 61155
15.3, 60043
0.0, 60451
12.0, 60987
0.0, 60107
12.0, 60891
0.0, 61295
12.0, 60363
12.0, 60763
20.0, 60075
12.0, 60483
0.0, 61043
0.0, 61091
0.0, 61119
0.0, 60203
0.0, 60627
0.0, 61251
0.0, 60255
16.0, 60931
12.0, 60099
12.0, 60691
3.8, 60979
0.0, 60091
7.6, 60799
0.0, 61579
0.0, 60395
0.0, 60887
8.0, 61615
20.0, 60999
12.0, 61459
15.3, 60367
0.0, 60827
8.0, 61367
0.0, 60703
12.0, 61163
0.0, 61619
12.0, 60723
12.0, 61371
24.0, 60591
8.0, 61059
12.0, 61659
0.0, 60431
8.0, 61139
0.0, 60135
8.0, 60739
0.0, 61303
24.0, 60295
12.0, 61191
24.0, 60135
12.0, 60591
12.0, 61135
19.2, 60355
11.5, 61307
0.0, 60163
8.0, 60751
0.0, 61319
12.0, 60275
8.0, 60975
19.2, 61583
4.0, 60451
4.0, 60979
0.0, 60155
0.0, 60923
0.0, 61335
0.0, 61735
0.0, 60623
4.0, 61659
8.0, 60451
8.0, 60939
0.0, 61399
0.0, 60299
0.0, 61135
0.0, 61539
0.0, 60583
12.0, 61167
36.0, 60291
16.0, 61003
12.0, 61411
0.0, 60139
0.0, 60763
0.0, 61435
0.0, 60551
0.0, 60959
0.0, 61723
8.0, 60299
28.0, 61383
12.0, 60183
12.0, 60795
12.0, 61531
0.0, 61579
0.0, 60859
8.0, 61435
0.0, 60191
12.0, 60951
12.0, 61607
20.0, 60831
12.0, 61183
8.0, 60199
0.0, 60639
12.0, 61567
0.0, 60675
8.0, 61275
8.0, 60203
12.0, 60655
32.0, 61551
24.0, 60503
8.0, 60963
8.0, 61423
0.0, 60211
4.0, 61219
0.0, 61583
0.0, 60499
4.0, 61067
12.0, 61927
8.0, 60847
11.5, 61195
0.0, 61731
0.0, 60639
20.0, 61383
0.0, 61507
0.0, 61591
0.0832
